223
218
214
221
216
213
218
210
208
223
215
213
226
217
218
228
219
220
226
221
223
228
222
224
229
224
221
232
227
224
235
229
229
239
233
233
240
235
235
239
235
234
238
234
235
237
233
234
238
234
233
238
234
233
239
235
234
240
235
234
238
237
235
238
237
235
239
238
236
240
239
236
239
237
238
240
238
239
242
238
239
242
238
239
244
238
240
246
237
240
247
238
241
248
239
242
245
243
241
244
243
241
244
243
241
244
243
241
244
243
241
244
243
241
244
243
241
245
244
242
244
243
241
240
235
234
240
234
234
247
238
239
246
236
236
241
231
232
245
236
237
251
242
243
251
242
246
252
242
246
252
242
246
251
242
245
253
244
247
252
243
246
252
243
246
252
243
246
253
242
246
253
242
246
254
243
247
254
243
247
253
242
246
253
242
246
253
242
246
253
242
246